229
132
366660
63556
0
475779
4291
3962
0
66
0
0
0
394
0
0
1176
3307
0
0
198
132
487
0
66
0
5774
83504
455
0
0
0
0
0
60
0
0
0
1359
0
0
0
0
0
120
461221
0
0
5760
0
2210
0
0
763
0
0
0
0
470
0
0
849
132
26345
0
470
56586
0
0
1429
0
0
326
779
12863
0
0
66
0
0
0
734
0
0
0
132
1206
0
0
0
1358
83547
0
456
0
0
66
0
0
126
0
0
0
66
0
0
0
16935
472
0
930
0
0
0
324
1365
848
132
0
0
0
508
258
0
82050
0
701
472
0
0
0
0
0
0
4367
0
0
0
0
0
0
0
0
0
0
0
0
0
1062
643
66
0
0
14658
0
0
0
0
102899
0
0
0
0
0
335604
136754
0
0
4981
0
470
252
0
126
66
536
0
0
0
1323
0
0
0
0
0
0
0
806
0
0
0
0
138921
1011
0
0
0
0
535
0
0
0
0
0
0
66
132
0
0
0
0
0
0
0
1974
0
0
0
536
0
0
0
0
1805
0
0
0
0
0
0
0
1127
0
0
0
0
0
0
83061
132
0
0
0
643
0
0
0
536
0
0
0
0
0
0
0
0
654
0
0
600
0
0
965
66
0
0
0
0
0
1383
841
0
0
0
82434
0
0
0
0
0
0
0
0
0
0
549
0
0
0
0
0
809
66
0
0
0
0
616
0
0
66
602
0
0
0
1923
0
0
0
264
0
522
0
0
0
0
82290
922
0
0
0
974
66
18832
0
0
29575
0
98215
14512
0
0
40135
0
0
0
0
1622
1321
0
2596
0
951
0
0
66
0
0
1377
0
0
0
81906
0
0
132
0
0
0
0
0
66
1089
0
0
0
0
66
841
0
132
0
0
0
66
472
66
0
6291
0
0
0
2513
0
0
132
0
81982
0
66
0
0
66
0
0
643
0
0
0
0
0
66
66
0
0
0
0
0
0
66
0
0
132
0
0
0
0
0
707
132
1833
66
0
709
66
0
0
0
0
66
0
0
453
0
0
0
0
82034
0
0
0
521
1398
0
0
0
132
0
0
844
0
0
66
0
0
0
0
0
0
0
0
0
0
66
0
66
0
58441
1113
66
0
0
0
0
0
132
0
0
0
0
66
0
0
66
0
393
0
0
0
775
0
0
327
0
925
0
1233
0
0
2508
0
0
0
13084
0
0
0
28551
0
223466
0
0
0
0
0
916
0
0
0
0
0
0
0
0
13134
672
0
996
0
0
3192
0
604
1486
0
82565
0
0
285
0
0
0
0
0
0
859
0
66
0
521
0
0
0
0
0
0
0
0
16508
643
132
0
536
66
0
1388
0
0
0
0
0
0
0
66
0
0
0
0
0
0
132
0
0
0
0
0
0
83097
0
470
0
198
0
132
0
0
0
0
66
0
0
0
66
0
0
60
66
0
0
0
0
0
0
5058
0
66
470
83646
0
0
0
0
132
132
0
0
0
66
0
0
0
0
0
0
0
0
0
0
0
0
0
0
0
0
643
132
0
470
0
666
0
0
1622
198
198
0
198
0
0
646576
0
134880
540
0
570362
0
0
4763
0
472
0
0
0
666
0
1907
0
198
0
0
0
0
66
0
0
81633
1326
0
0
738
0
0
0
0
2042
0
0
0
0
0
0
0
0
1536
0
66
0
0
0
0
1074
1233
0
6231
0
198
66
86338
0
0
1172
0
0
0
11682
0
0
0
0
0
0
0
462
0
0
0
0
0
0
0
0
0
0
0
0
66
264
0
1299
0
0
0
0
0
946
0
0
763
0
0
0
0
0
0
0
0
4118
0
81837
0
0
0
0
0
0
0
843
0
0
13666
0
707
66
0
442262
27948
0
291972
473
3711
0
82529
0
473
0
0
0
0
0
0
0
0
539
0
0
0
0
66
0
0
1548
0
0
0
0
1858
0
0
0
0
0
0
1299
0
0
569124
1308
66
5294
0
0
539
0
0
0
0
132
0
0
473
0
0
0
0
36794
0
1037
0
0
0
0
570478
0
0
0
6226
0
0
0
0
82294
1031
66
0
0
0
0
474
132
474
0
0
0
0
0
0
0
0
0
0
198
647
826926
0
12535
0
0
8326
0
0
779
82471
0
0
0
294
66
0
0
0
0
0
1294
66
132
0
0
0
0
0
0
0
668047
0
0
0
7081
0
600
0
0
0
0
474
10621
0
81866
0
1505
0
0
0
0
0
0
0
476
0
0
66
132
66
66
0
0
0
0
66
656341
838
475
0
6787
0
0
0
1075
0
0
0
0
0
0
82660
859
6977
0
607
0
0
1185
0
0
0
264
0
0
0
0
807015
908378
0
0
0
309471
9938
234582
184386
0
0
0
0
491400
5995
309034
1030
0
0
5549
0
66
9703
0
0
0
0
2706
0
0
0
0
66
0
0
1018
484
264
493
0
80725
66
0
0
32165
0
480
0
0
618199
480
0
2387
0
3228
3142
0
1415
0
0
0
2611
0
0
0
82448
0
0
0
0
0
0
0
0
0
132
787
0
0
0
66
688
0
66
480
293023
795996
0
0
0
1322
729270
550
0
0
0
123739
0
0
0
0
0
0
0
82302
0
66
0
0
18589
0
0
0
0
902
0
0
0
0
869
0
330
484
0
0
600
132
0
0
0
66
0
2347
0
66
0
0
361
0
0
0
0
655
82382
0
0
0
0
0
0
132
0
0
1005
0
0
0
132
0
0
0
0
66
721
0
0
0
1371
0
1317
0
998
0
1233
0
0
0
0
0
0
82523
0
655
0
0
0
0
0
66
0
0
0
0
17527
0
0
717
132
0
0
0
66
132
0
0
0
0
2249
0
0
0
0
0
0
0
66
0
0
0
0
82239
0
0
651
0
0
0
0
0
550
0
0
0
0
0
0
0
0
0
0
0
0
0
198
0
0
0
2596
600
66
2947
0
0
0
0
0
4541
66
0
0
0
0
0
0
0
0
81779
0
132
0
0
0
0
0
0
0
0
721
480
0
0
0
66
0
0
0
0
0
0
0
0
0
0
0
0
763
0
0
0
0
0
1233
132
0
80516
655
480
0
132
0
0
0
0
0
0
0
0
0
0
0
4506
0
0
0
0
66
0
0
0
66
0
0
0
0
0
0
0
0
0
655
3721
0
0
0
0
616
0
0
0
0
0
82506
0
0
66
0
0
0
0
0
0
0
0
0
0
0
1154
0
0
484
480
0
0
0
0
0
132
0
0
0
666
0
0
0
66
1233
66
1137
0
550
0
0
0
0
0
0
0
0
0
0
651
0
82015
0
0
0
562
0
0
66
777
0
0
0
66
0
0
0
0
0
66
66
0
0
198
0
18139
0
1317
797
0
0
1806
0
0
0
0
80734
66
0
0
0
66
0
0
0
655
0
16870
0
0
66
480
66
0
0
0
0
66
0
0
6166
0
0
0
0
0
0
0
0
2569
0
1084
0
0
0
0
0
0
0
66
0
651
80705
0
0
66
0
0
0
0
0
1172
748
0
0
0
0
0
66
0
132
0
0
0
0
0
0
0
0
0
0
783
941
0
0
1322
0
0
66
0
80818
655
0
0
0
132
0
66
0
0
0
0
0
0
1093
0
0
0
0
