848
594
330
1254
858
264
1122
264
396
462
2112
792
1914
0
0
0
0
0
0
1056
660
858
1452
0
0
0
0
0
0
0
0
0
0
0
0
0
0
0
0
0
0
0
0
0
0
0
0
0
0
0
0
0
0
0
0
0
0
0
0
0
0
0
0
0
0
0
0
0
0
0
198
1310
264
330
330
396
330
264
198
330
330
264
726
264
264
396
264
396
264
264
528
594
330
594
660
1104
132
914
462
1122
792
858
3488
330
726
462
528
924
660
1584
528
330
1188
330
594
1838
264
330
716
1254
396
924
536
0
0
0
0
0
0
0
0
206
0
0
0
0
0
0
0
0
138
0
0
0
0
204
0
0
0
206
0
0
0
0
0
0
204
0
0
0
0
206
0
0
0
0
0
0
206
0
0
0
0
0
0
0
206
0
0
0
0
0
0
0
206
0
0
0
0
0
0
0
204
0
0
0
0
204
0
0
0
204
0
0
204
0
204
0
0
206
0
0
0
206
0
0
0
206
0
0
204
0
0
0
204
0
0
204
0
0
0
206
0
0
0
0
130
0
0
206
0
0
0
0
204
0
0
206
0
0
0
0
204
0
0
0
0
206
0
0
0
0
0
130
0
0
0
272
0
0
0
0
204
0
0
0
0
204
0
0
0
204
0
0
0
204
0
0
132
0
0
0
0
206
0
0
0
0
204
0
0
0
206
0
0
0
0
0
206
0
0
0
0
0
204
0
0
0
130
0
0
0
204
0
0
0
204
0
204
0
204
0
204
0
0
0
204
138
0
204
0
0
0
204
206
0
0
0
204
0
206
0
0
0
0
0
204
0
0
0
138
0
0
0
206
0
0
0
0
204
0
0
204
0
0
204
0
0
204
0
204
0
0
204
0
204
204
0
204
0
204
204
0
204
0
0
130
0
0
204
0
0
0
204
0
204
0
204
0
204
0
204
0
0
204
0
204
0
0
204
0
0
130
0
0
0
204
0
0
204
0
204
0
0
0
204
0
130
0
0
0
206
0
0
0
204
0
204
0
204
204
204
130
0
204
0
0
272
0
0
0
204
0
0
204
0
204
0
0
204
0
130
0
0
204
0
0
0
206
0
0
0
204
0
204
204
0
0
204
0
0
204
0
0
0
204
0
0
204
0
0
204
0
204
0
0
0
204
0
0
204
0
198
0
0
0
0
0
204
0
0
0
0
204
0
0
204
0
0
204
0
138
0
0
204
0
0
0
0
204
204
0
0
206
0
0
204
0
0
272
0
0
0
130
204
0
0
0
204
0
206
0
0
0
204
0
0
0
138
0
0
0
0
204
0
0
206
0
0
0
206
0
0
0
0
0
204
0
0
0
204
0
0
0
204
0
0
0
0
140
0
0
280
0
0
0
0
130
0
0
0
206
0
0
0
204
0
204
0
0
0
206
0
0
0
0
204
0
204
0
0
130
0
0
204
0
0
204
0
0
204
204
0
130
0
0
0
204
0
0
204
0
407
0
0
204
0
138
0
0
204
0
204
0
0
0
204
204
0
0
0
204
0
0
0
0
204
0
0
138
0
0
0
204
0
0
0
0
0
206
0
0
0
0
0
204
0
0
204
0
0
204
0
0
204
0
0
138
0
0
0
204
0
0
204
0
204
0
0
206
0
0
204
132
0
0
0
204
0
0
0
148
0
0
0
0
0
0
0
0
0
0
0
0
0
0
0
0
0
0
0
0
0
0
0
0
0
0
0
0
0
0
0
0
0
0
0
0
0
0
0
0
0
0
0
0
0
0
0
204
0
0
0
0
0
0
346
0
0
0
0
0
0
206
0
0
0
0
0
0
0
206
0
0
0
0
0
0
0
0
130
0
0
0
140
0
0
0
0
0
132
0
0
0
0
0
0
204
0
0
0
206
0
0
0
0
0
206
0
0
0
0
0
0
0
206
0
0
0
0
0
0
0
341
0
0
0
0
0
130
0
0
206
0
0
0
0
0
204
0
0
0
206
0
0
0
0
0
204
0
0
0
204
0
0
0
272
0
0
0
0
0
0
206
0
0
0
204
0
0
0
140
0
206
0
0
0
0
0
204
0
0
206
0
0
0
0
206
0
0
0
0
204
0
0
0
138
0
0
204
0
204
0
204
0
0
204
0
0
204
0
0
206
0
0
0
206
0
0
0
0
0
204
0
204
0
0
204
0
0
0
204
0
0
204
0
0
204
0
0
130
0
0
206
0
0
204
0
130
0
0
204
0
204
0
0
204
0
132
0
0
0
204
0
206
0
0
0
0
278
0
0
148
204
0
0
0
0
66
0
0
0
0
0
206
0
0
0
0
0
0
0
204
0
0
0
204
0
0
204
0
0
0
204
0
0
0
204
0
0
130
0
0
0
204
0
0
204
0
0
204
204
0
0
0
204
0
132
0
0
206
0
0
204
0
0
204
206
0
0
0
0
206
0
0
0
0
0
138
0
0
0
204
0
0
0
272
0
0
0
0
204
0
0
0
204
0
206
0
0
0
0
204
0
0
130
0
0
0
206
0
0
0
0
0
0
0
204
0
0
0
204
0
0
204
0
206
0
0
0
0
204
0
0
130
0
0
204
204
0
0
204
0
0
204
0
0
140
0
0
0
204
0
0
0
204
0
206
0
0
0
0
206
0
0
0
204
0
204
0
0
138
0
0
0
0
204
0
0
0
204
0
0
204
0
0
204
0
204
0
204
138
0
0
204
204
0
204
204
0
0
0
132
0
0
0
206
0
0
0
0
204
0
0
0
204
0
204
0
0
204
0
0
140
0
0
0
0
204
0
206
0
0
0
0
204
0
0
204
0
0
206
0
0
0
204
0
0
0
138
0
0
0
204
0
204
0
0
204
0
204
0
204
130
0
0
0
204
0
204
0
0
204
0
0
204
0
206
0
0
0
204
0
0
0
0
0
204
0
0
204
0
0
0
206
0
0
204
0
204
0
0
206
0
0
0
204
0
0
204
206
0
0
206
0
0
0
0
0
130
0
0
0
204
0
0
0
204
0
0
206
0
0
0
206
0
0
0
0
0
0
206
0
0
0
0
0
0
140
0
0
0
0
0
206
0
0
0
0
0
204
0
0
0
206
0
0
0
0
0
0
0
204
0
0
0
204
0
0
0
0
204
0
0
0
140
0
0
0
0
0
0
0
204
0
204
0
0
272
0
0
0
0
204
0
204
0
138
0
0
206
0
0
204
0
0
204
0
0
204
0
0
204
0
204
0
204
0
0
0
138
0
0
272
0
0
0
0
206
0
0
0
0
204
0
0
204
0
0
204
0
0
204
0
0
204
0
0
130
0
204
0
204
0
0
138
0
0
0
204
0
0
0
140
0
0
0
0
0
0
0
0
0
0
0
0
0
0
0
0
0
0
0
0
0
0
0
0
0
0
0
0
0
0
0
0
0
0
0
0
0
0
0
0
0
0
0
0
204
0
0
0
0
204
0
0
0
204
0
0
0
140
0
0
0
0
0
204
0
0
0
204
0
0
0
204
0
206
0
0
0
204
0
0
206
0
0
0
0
130
0
0
206
0
0
0
0
206
0
0
0
0
204
0
0
0
204
0
0
206
0
0
0
0
130
0
0
0
204
0
0
0
204
0
204
0
140
0
0
0
204
0
0
204
0
204
0
0
204
204
0
0
0
204
0
0
138
0
272
0
0
0
204
0
204
0
0
204
0
204
0
0
206
0
0
0
0
138
0
0
204
0
0
0
204
204
0
0
204
0
206
0
0
0
0
204
0
0
0
0
204
0
0
0
204
0
140
0
0
204
0
0
204
0
0
0
204
0
0
204
204
0
0
204
0
206
0
0
204
0
0
0
138
0
0
0
204
0
0
0
204
0
0
204
0
0
204
0
204
0
204
0
138
0
0
0
206
0
0
0
0
204
0
0
0
204
204
0
0
0
206
0
0
0
0
204
0
204
0
130
0
0
0
204
0
204
0
0
0
204
0
0
0
204
0
204
0
0
130
0
0
0
204
204
0
138
204
0
0
204
0
0
204
0
204
0
0
0
204
0
0
0
204
0
138
0
0
204
0
204
0
0
204
0
204
0
0
0
206
0
0
0
204
206
0
0
0
0
0
130
0
0
204
0
2622
1782
330
0
0
0
0
0
0
0
0
0
0
0
0
0
0
0
0
0
0
0
0
0
0
0
0
0
0
0
0
0
0
0
0
0
0
0
0
0
0
0
0
0
0
0
0
0
0
0
0
0
0
0
0
0
0
0
0
0
0
0
0
0
0
0
0
0
0
0
0
0
0
0
0
0
0
0
0
0
0
0
0
0
0
0
0
0
0
0
132
726
1914
2894
1188
1188
2640
264
2046
594
1188
396
396
726
594
528
584
0
0
0
0
0
0
0
0
0
0
0
0
0
0
0
0
0
0
0
0
0
0
0
0
0
0
0
0
0
0
0
0
0
0
0
0
0
0
0
0
0
0
0
0
0
0
0
0
0
0
0
0
0
0
0
0
0
0
0
0
0
0
0
0
0
0
0
0
0
0
0
0
0
0
0
0
0
470
0
0
0
0
0
0
0
0
204
0
0
0
0
204
0
0
0
0
0
204
0
0
204
0
0
130
0
0
0
204
0
0
206
0
0
0
204
0
0
204
0
204
0
0
0
204
130
0
0
204
0
0
0
204
0
0
204
0
138
0
0
0
0
204
0
204
0
130
0
204
0
0
204
0
204
0
0
204
0
204
0
0
0
130
0
0
204
0
204
0
0
204
0
0
0
204
0
0
0
204
0
0
204
0
138
0
204
0
0
204
0
204
0
204
0
0
0
204
0
272
0
0
138
204
0
204
0
204
0
0
204
0
0
0
130
0
0
0
204
0
0
204
0
0
74
0
0
0
0
0
0
0
0
0
0
0
0
0
0
0
0
0
0
0
0
0
0
0
0
0
0
0
0
0
0
0
0
0
0
0
0
0
0
204
0
0
0
204
0
0
0
0
204
0
0
204
0
0
0
130
0
204
0
0
0
0
204
0
204
0
0
130
204
0
204
0
204
0
0
272
0
0
0
0
204
204
0
0
130
0
204
0
204
0
204
204
0
204
0
0
204
0
130
0
0
0
206
0
0
0
204
0
408
130
0
0
204
0
0
0
204
0
0
0
204
0
0
204
1230
408
0
0
1422
204
1626
0
1704
0
1830
1296
816
1626
1884
0
2046
1346
0
204
0
2718
258
0
1500
0
1272
408
0
204
0
1500
204
0
1830
0
1560
204
0
408
0
1680
204
938
0
0
1422
0
1348
0
0
0
1296
204
408
1014
408
204
1218
0
1422
204
0
1560
204
0
204
0
1476
0
0
1626
0
2034
0
1830
408
1530
758
204
0
1068
204
1426
204
204
1680
0
1296
204
0
1476
0
408
1218
0
408
1422
0
204
1018
204
1626
204
1830
0
204
680
0
1092
1218
204
204
1434
258
0
204
0
1626
0
0
204
1680
0
1626
0
0
1680
0
0
1830
0
0
612
0
1436
1500
204
942
0
0
1422
0
1680
204
1296
0
1136
0
0
408
0
0
606
0
0
0
204
1272
0
0
612
0
1218
0
1422
0
1296
0
0
0
1296
0
204
684
0
0
204
0
1422
0
0
1626
204
0
1704
0
0
1500
0
1476
0
1830
0
1764
0
1626
0
2034
0
0
2112
0
1554
684
204
0
0
1152
0
0
462
1218
0
1476
0
1016
0
0
0
1068
0
408
1218
204
0
0
1500
0
0
0
0
758
0
0
0
0
1426
0
312
1218
0
204
0
0
758
0
0
204
0
0
0
1028
0
204
0
0
0
1276
0
1272
0
0
1014
0
408
737
0
0
0
1092
258
0
408
1014
204
0
1092
204
994
0
1218
204
0
1272
204
204
0
1422
0
0
0
1830
0
0
0
1704
408
0
204
1500
0
0
1554
0
0
0
0
612
1014
0
870
0
938
204
0
0
1830
0
0
0
1554
1200
0
0
1146
204
0
1076
0
0
0
1014
680
0
0
0
408
810
204
680
0
0
408
0
0
610
0
408
0
0
0
1272
204
0
0
0
932
0
0
0
0
0
1068
0
0
0
1014
0
0
1222
0
1422
204
0
1830
0
0
1500
408
1626
204
1500
408
1296
0
204
1434
204
1626
0
204
1680
204
1500
1500
204
1626
0
612
1272
204
204
888
204
1350
204
3048
0
204
1626
0
204
1350
0
2982
204
1476
204
1296
1554
1830
0
0
2112
0
0
1554
0
3052
0
3918
0
1092
1348
204
0
0
1680
0
1272
408
1626
204
1476
204
1830
0
204
1284
204
0
1626
0
204
1422
408
0
3330
54
0
1830
204
1626
408
1704
1208
0
0
0
0
666
1014
0
816
1014
408
476
54
204
0
0
1092
258
0
0
664
0
1626
0
0
204
0
1422
0
0
1296
0
0
0
1422
0
0
612
1152
408
1218
258
1218
408
0
204
1422
1476
408
0
1830
1422
0
204
1842
0
0
1830
0
204
1500
204
1908
2238
0
1626
1500
2280
408
1530
1422
2034
1704
0
1500
204
1500
204
1830
0
0
3772
1626
0
408
1092
612
810
666
1272
204
0
1134
0
0
0
878
0
0
0
0
752
54
0
0
0
0
888
0
0
0
1626
0
0
736
408
0
0
1476
1218
0
0
1422
0
0
1626
0
408
1422
54
0
1830
204
1818
0
0
1346
0
0
0
0
1068
0
0
408
1014
408
1422
0
1764
204
0
0
1830
0
0
1422
0
680
0
0
0
204
1014
612
1014
612
204
1704
0
0
1284
0
0
462
1014
408
1218
0
1422
1680
0
1404
0
0
1296
204
0
204
814
0
878
0
204
0
0
1680
1422
0
204
1500
0
0
408
0
1500
0
0
1296
0
204
1092
0
0
1830
1830
1626
0
1350
258
204
1560
204
0
1218
0
408
1422
2034
204
734
0
0
204
0
2310
204
1530
204
1348
0
1830
1626
0
0
2034
0
1626
408
0
0
1166
0
0
0
1500
0
1908
0
0
408
1834
1422
408
0
1680
0
1500
0
204
888
204
1626
204
0
2368
0
0
1626
258
0
0
1830
0
0
884
0
0
0
408
1272
204
1422
0
1626
0
204
888
0
0
204
0
1272
408
1422
0
204
1422
0
1422
0
1884
408
0
1296
204
1422
0
1898
1426
204
1476
408
1476
408
0
1626
204
1680
204
1626
204
1500
0
0
1896
0
612
1422
0
612
1350
612
998
0
0
408
674
204
0
0
1422
0
1296
0
1638
0
0
810
0
0
0
0
204
1014
0
204
1014
0
1218
204
2160
1422
408
1348
408
204
0
680
258
0
0
1272
0
1218
0
0
0
0
0
0
0
0
0
0
0
0
0
0
0
0
0
0
0
0
0
0
0
0
0
0
0
0
0
0
0
0
0
0
0
0
0
0
0
0
0
0
0
0
0
0
0
0
0
0
0
0
0
0
0
0
0
0
0
0
0
0
0
0
0
0
0
0
0
0
0
0
0
0
0
0
0
0
0
0
0
0
0
0
0
0
0
0
0
0
0
0
0
0
0
0
0
0
0
0
0
0
0
0
0
0
0
0
0
0
0
0
0
0
0
0
0
0
0
0
0
0
0
0
0
0
0
0
0
0
0
0
0
0
0
0
0
0
0
0
0
0
0
0
0
0
0
0
0
0
0
0
0
0
0
0
0
0
0
0
0
0
0
0
0
0
0
0
0
0
0
0
0
0
0
0
0
0
0
0
0
0
0
0
0
0
0
0
0
0
0
0
0
0
0
0
0
0
0
0
0
0
0
0
0
0
0
0
0
0
0
0
0
0
0
0
0
0
0
0
0
0
0
0
0
0
0
0
0
0
0
0
0
0
0
0
0
0
0
0
0
0
0
0
0
0
0
0
0
0
0
0
0
0
0
0
0
0
0
0
0
0
0
0
0
0
0
0
0
0
0
0
0
0
0
0
0
0
0
0
0
0
0
0
0
0
0
0
0
0
0
0
0
0
0
0
0
0
0
0
0
0
0
0
0
0
0
0
0
0
0
0
0
0
0
0
0
0
0
0
0
0
0
0
0
0
0
0
0
0
0
0
0
0
0
0
0
0
0
0
0
0
0
0
0
0
0
0
0
0
0
0
0
0
0
0
0
0
0
0
0
0
0
0
0
0
0
0
0
0
0
0
0
0
0
0
0
0
0
0
0
0
0
0
0
0
0
0
0
0
0
0
0
0
0
0
0
0
0
0
0
0
0
0
0
0
0
0
0
0
0
0
0
0
0
0
0
0
0
0
0
0
0
0
0
0
0
0
0
0
0
0
0
0
0
0
0
0
0
0
0
0
0
0
0
0
0
0
0
0
0
0
0
0
0
0
0
0
0
0
0
0
0
0
0
0
0
0
0
0
0
0
0
0
0
0
0
0
0
0
0
0
0
0
0
0
0
0
0
0
0
0
0
0
0
0
0
0
0
0
0
0
0
0
0
0
0
0
0
0
0
0
0
0
0
0
0
0
0
0
0
0
0
0
0
0
0
0
0
0
0
0
0
0
0
0
0
0
0
0
0
0
0
0
0
0
0
0
0
0
0
0
0
0
0
0
0
0
0
0
0
0
0
0
0
0
0
0
0
0
0
0
0
0
0
0
0
0
0
0
0
0
0
0
0
0
0
0
0
0
0
0
0
0
0
0
0
0
0
0
0
0
0
0
0
0
0
0
0
0
0
0
0
0
0
0
0
0
0
0
0
0
0
0
0
0
0
0
0
0
0
0
0
0
0
0
0
0
0
0
0
0
0
0
0
0
0
0
0
0
0
0
0
0
0
0
0
0
0
0
0
0
0
0
0
0
0
0
0
0
0
0
0
0
0
0
0
0
0
0
0
0
0
0
0
0
0
0
0
0
0
0
0
0
0
0
0
0
0
0
0
0
0
0
0
0
0
0
0
0
0
0
0
0
0
0
0
0
0
0
0
0
0
0
0
0
0
0
0
0
0
0
0
0
0
0
0
0
0
0
0
0
0
0
0
0
0
0
0
0
0
0
0
0
0
0
0
0
0
0
0
0
0
0
0
0
0
0
0
0
0
0
0
0
0
0
0
0
0
0
0
0
0
0
0
0
0
0
0
0
0
0
0
0
0
0
0
0
0
0
0
0
0
0
0
0
0
0
0
0
0
0
0
0
0
0
0
0
0
0
0
0
0
0
0
0
0
0
0
0
0
0
0
0
0
0
0
0
0
0
0
0
0
0
0
0
0
0
0
0
0
0
0
0
0
0
0
0
0
0
0
0
0
0
0
0
0
0
0
0
0
0
0
0
0
0
0
0
0
0
0
0
0
0
0
0
0
0
0
0
0
0
0
0
0
0
0
0
0
0
0
0
0
0
0
0
0
0
0
0
0
0
0
0
0
0
0
0
0
0
0
0
0
0
0
0
0
0
0
0
0
0
0
0
0
0
0
0
0
0
0
0
0
0
0
0
0
0
0
0
0
0
0
0
0
0
0
0
0
0
0
0
0
0
0
0
0
0
0
0
0
0
0
0
0
0
0
0
0
0
0
0
0
0
0
0
0
0
0
0
0
0
0
0
0
0
0
0
0
0
0
0
0
0
0
0
0
0
0
0
0
0
0
0
0
0
0
0
0
0
0
0
0
0
0
0
0
0
0
0
0
0
0
0
0
0
0
0
0
0
0
0
0
0
0
0
0
0
674
0
0
0
0
0
0
0
0
810
0
0
0
0
940
0
0
0
0
1014
0
0
0
0
0
0
0
0
0
0
0
0
0
0
0
0
0
0
0
0
0
0
0
0
0
0
0
0
0
0
0
0
0
0
0
0
0
0
0
0
0
0
0
0
0
0
0
0
0
0
0
0
0
0
0
0
0
0
0
0
0
0
0
0
0
0
0
0
0
0
0
0
0
0
0
0
0
0
0
0
0
0
0
0
0
0
0
0
0
0
0
0
0
0
0
0
0
0
0
0
0
0
0
0
0
0
0
0
0
0
0
0
0
0
0
0
0
0
0
0
0
0
0
0
0
0
0
0
0
0
0
0
0
0
0
0
0
0
0
0
0
0
0
0
0
0
0
0
0
0
0
0
0
0
0
0
0
0
0
0
0
0
0
0
0
0
0
0
0
0
0
0
0
0
0
0
0
0
0
0
0
0
0
0
0
0
0
0
0
0
0
0
0
0
0
0
0
0
0
0
0
0
0
0
0
0
0
0
0
0
0
0
0
0
0
0
0
0
0
0
0
0
0
0
0
0
0
0
0
0
0
0
0
0
0
0
0
0
0
0
0
0
0
0
0
0
0
0
0
0
0
272
0
0
0
0
0
0
0
0
138
0
0
0
0
0
204
0
0
0
0
206
0
0
0
0
0
0
0
0
0
0
0
0
0
0
0
0
0
0
0
0
0
0
0
0
0
0
0
0
0
0
0
0
0
0
0
0
0
0
0
0
0
0
0
0
0
0
0
0
0
0
0
0
0
0
0
0
0
0
0
0
0
0
0
0
0
0
0
0
0
0
0
0
0
0
0
0
0
0
0
0
0
0
0
0
0
0
0
0
0
0
0
0
0
0
0
0
0
0
0
0
0
0
0
0
0
0
0
0
0
0
0
0
0
0
0
0
0
0
0
0
0
0
0
0
0
0
0
0
0
0
0
0
0
0
0
0
0
0
0
0
0
0
0
0
0
0
0
0
0
0
0
0
0
0
0
0
0
0
0
0
0
0
0
0
0
0
0
0
0
0
0
0
0
0
0
0
0
0
0
0
0
0
0
0
0
0
0
0
0
0
0
0
0
0
0
0
0
0
0
0
0
0
0
0
0
0
0
0
0
0
0
0
0
0
0
0
0
0
0
0
0
0
0
0
0
0
0
0
0
0
0
0
0
0
0
0
0
0
0
0
0
0
0
0
0
0
0
0
0
0
0
0
0
0
0
0
0
0
0
0
0
0
0
0
0
0
0
0
0
0
0
0
0
0
0
0
0
0
0
0
0
0
0
0
0
0
0
0
0
0
0
0
0
0
0
0
0
0
0
0
0
0
0
0
0
0
0
0
0
0
0
0
0
0
0
0
0
0
0
0
0
0
0
0
0
0
0
0
0
0
0
0
0
0
0
0
0
0
0
0
0
0
0
0
0
0
0
0
0
0
0
0
0
0
0
0
0
0
0
0
0
0
0
0
0
0
272
0
0
0
0
0
0
0
0
206
0
0
0
0
0
0
0
0
204
0
0
0
0
0
0
0
0
0
0
272
0
0
0
0
0
0
0
0
0
0
0
0
0
0
0
0
0
0
0
0
0
0
0
0
0
0
0
0
0
0
0
0
0
0
0
0
0
0
0
0
0
0
0
398
0
0
0
0
0
0
0
0
0
0
0
0
0
0
0
0
0
0
0
0
1014
0
0
0
0
0
810
0
0
0
810
0
0
204
1014
0
0
1092
0
0
204
1092
0
204
684
0
0
0
1218
1218
204
1296
408
1218
408
0
1680
204
0
0
1284
0
1224
108
0
2868
0
0
0
156
0
0
0
0
0
0
0
0
0
0
0
0
0
0
0
0
0
0
0
0
0
0
0
0
0
0
0
0
0
0
0
0
0
0
0
0
0
0
0
0
0
0
0
0
0
0
0
0
0
0
0
0
0
0
0
0
0
0
0
0
0
0
0
0
0
0
1234
0
0
0
0
0
792
330
132
396
396
0
0
0
0
0
0
0
0
0
0
0
0
0
0
0
0
0
0
0
0
0
0
0
0
0
0
0
0
0
0
0
0
0
0
0
0
0
0
0
0
0
0
0
0
0
0
0
0
0
0
0
0
0
0
0
0
0
0
0
0
0
0
0
0
0
0
0
0
0
0
0
0
0
0
0
0
0
0
0
0
0
0
0
0
0
0
0
0
0
0
0
0
0
0
0
0
0
0
0
0
0
0
0
0
0
0
0
0
0
0
0
0
0
0
0
0
0
0
0
0
0
0
0
0
0
0
0
0
0
0
0
0
0
0
0
0
0
0
0
204
0
0
0
204
0
0
0
204
0
0
0
0
0
204
0
0
0
204
0
0
204
0
0
0
204
0
0
576
0
0
0
0
0
0
0
0
0
0
0
774
792
396
594
396
132
78
0
0
0
0
0
0
78
702
0
0
0
0
0
0
0
0
0
0
0
0
0
0
0
0
0
0
0
0
0
0
0
0
0
0
0
0
0
0
0
0
0
0
0
0
0
0
0
0
0
0
0
0
0
0
0
0
0
0
0
0
0
0
0
0
0
0
0
0
0
0
0
0
0
0
0
0
0
0
0
0
0
0
0
0
0
0
0
0
0
0
0
0
0
0
0
0
0
0
0
0
0
0
0
0
0
0
0
0
0
0
0
0
0
0
0
0
0
0
0
0
0
0
0
0
0
0
0
0
0
0
0
0
0
0
0
0
0
0
0
0
0
0
0
0
0
0
0
0
0
0
0
0
0
0
0
0
0
0
0
0
0
0
0
0
0
0
0
0
0
0
0
0
0
0
0
0
0
0
0
0
0
0
0
0
0
0
0
0
0
0
0
0
0
0
0
0
0
0
0
0
0
0
0
0
0
0
0
0
0
0
0
0
0
0
0
0
0
0
0
0
0
0
0
0
0
0
0
0
0
0
0
0
0
0
0
0
0
0
0
0
0
0
0
0
0
0
0
0
0
0
0
0
0
0
0
0
0
0
0
0
0
0
0
0
0
0
0
0
272
0
0
0
0
0
0
0
0
204
0
0
0
0
272
0
0
0
0
0
0
204
0
0
204
0
0
0
138
0
0
204
0
0
204
0
0
204
0
0
204
0
204
204
0
204
0
138
0
0
204
204
0
204
0
204
0
0
204
0
204
0
0
204
0
204
138
0
0
204
0
0
204
0
0
204
0
204
0
204
0
204
206
0
0
0
0
204
0
138
0
204
0
0
204
0
0
204
0
204
0
0
0
204
342
0
204
0
204
0
204
0
204
204
204
204
0
0
0
138
0
204
0
204
204
204
0
204
204
0
130
0
204
0
0
0
204
204
0
0
204
0
0
204
206
0
0
0
0
204
0
204
0
0
4662
0
0
206
0
0
0
0
0
0
204
0
0
0
204
0
0
206
0
0
0
0
204
0
0
0
204
0
0
204
0
0
204
0
0
130
0
204
0
204
204
0
204
204
0
0
204
204
0
0
0
138
0
206
0
0
0
0
206
0
0
0
0
204
0
204
0
0
0
204
204
0
0
204
140
0
0
0
206
0
0
0
204
0
0
0
204
0
0
204
0
0
204
0
204
0
0
204
0
138
0
0
0
204
0
206
0
0
0
204
0
0
204
0
0
204
0
0
204
0
138
0
0
0
204
204
0
0
206
0
0
204
0
0
206
0
206
0
0
0
0
204
0
0
0
204
0
0
138
0
0
204
0
204
0
0
204
0
204
0
206
0
0
0
204
0
204
0
0
138
0
0
204
0
0
0
204
0
0
204
0
204
0
0
206
0
0
0
0
204
0
204
0
138
0
0
0
204
0
0
204
0
0
204
0
0
206
0
0
0
0
204
0
0
204
0
0
0
204
0
0
130
0
0
204
0
204
0
204
0
204
0
204
0
204
0
204
0
0
130
0
204
0
204
0
0
272
0
0
0
206
0
0
0
204
0
204
0
204
0
0
140
0
0
130
0
272
0
0
0
204
0
204
0
0
0
204
0
0
0
204
0
204
0
0
140
0
0
0
204
0
0
204
204
0
204
0
0
0
204
0
204
0
0
130
0
204
204
0
204
0
0
204
0
204
130
0
0
0
204
0
0
204
204
204
204
0
0
204
198
0
0
0
204
0
0
0
204
0
204
0
0
204
0
0
204
0
0
204
0
0
130
0
0
204
0
0
204
0
204
0
204
204
0
0
204
0
0
140
0
0
0
204
0
0
204
204
0
204
0
0
204
0
0
0
