414
0
0
0
0
0
0
66
0
0
588
0
0
0
66
0
66
66
0
0
0
0
0
0
66
66
0
0
0
0
0
0
0
0
66
66
66
0
0
66
0
0
0
0
0
546
66
0
0
66
66
327
0
198
0
0
0
0
66
0
0
0
0
66
66
66
0
0
0
0
0
0
66
0
546
0
66
0
0
0
0
66
66
0
66
66
0
0
0
0
198
0
0
0
0
0
0
0
0
0
0
0
0
0
0
0
0
0
0
0
0
0
0
0
0
0
0
0
0
0
0
0
0
0
0
0
0
0
0
0
0
0
0
0
0
0
0
0
0
0
0
0
0
0
66
0
0
66
612
66
0
0
132
66
132
0
0
0
66
0
132
0
66
0
0
66
0
0
66
0
0
0
0
66
612
0
198
132
0
0
0
66
0
0
132
0
0
0
132
0
0
66
0
0
0
0
66
66
0
66
0
0
66
66
66
546
132
66
0
66
0
66
66
66
66
132
66
66
0
0
0
0
0
66
66
612
0
0
0
0
0
0
0
402
66
0
0
0
0
66
0
132
0
0
0
66
0
0
0
0
0
66
0
0
54
0
0
0
132
0
0
0
0
0
0
0
0
0
0
0
0
0
0
0
66
0
0
0
0
66
66
0
0
54
0
0
546
66
54
0
0
0
0
0
0
0
0
0
0
0
0
0
0
0
0
0
66
66
0
66
0
0
0
0
54
66
0
0
0
0
0
0
534
66
198
0
