840
726
462
198
1386
198
462
848
594
66
2470
462
396
660
924
396
980
2178
594
1452
594
858
792
264
1310
4290
660
330
594
594
330
594
462
330
3036
1046
2564
330
1122
914
462
330
1584
990
462
2556
1706
528
792
924
452
1452
132
3290
528
1848
660
1254
2772
726
1848
1518
198
2828
5138
990
726
132
132
924
990
528
650
1452
774
594
1188
1254
990
1518
330
2838
2970
330
584
2838
858
726
462
2310
6448
0
0
0
0
0
0
0
0
0
0
0
0
0
0
0
0
0
0
0
0
0
0
0
0
0
0
0
0
0
0
0
0
0
0
0
0
0
0
0
0
0
0
0
0
0
0
0
0
0
0
0
0
0
264
1122
2046
518
2490
1310
924
660
3950
792
2036
528
858
462
1310
264
518
1782
2630
1584
330
914
1980
3234
2300
396
528
858
1452
1706
4592
2772
3138
990
1584
1254
1254
1056
528
396
1904
264
726
660
1508
2838
1254
2376
726
990
924
1914
518
1310
924
518
594
396
650
1244
1310
1954
1772
1650
792
726
726
782
2904
1574
980
5732
914
1386
792
1452
2310
726
1056
2498
584
734
0
0
0
0
0
0
0
1812
1112
1452
264
330
1386
3356
396
3280
1650
1650
396
2904
462
396
1518
1452
462
462
528
792
