198
54
53707
48736
0
67899
8288
13833
0
0
0
0
0
867
0
0
2557
2363
0
0
54
54
329
0
0
0
2963
51361
1294
0
66
0
0
0
0
0
0
0
2270
0
0
0
0
0
108
40659
0
0
21302
0
843
0
0
1047
0
0
0
0
303
0
0
874
54
24270
0
303
29174
0
0
2688
0
0
276
925
1474
0
0
66
0
0
0
1105
0
0
0
54
1616
0
0
0
264
53721
0
108
0
0
0
0
0
0
0
0
0
0
0
0
0
5487
303
0
2367
0
0
0
1476
162
923
54
0
0
0
330
198
0
50339
0
474
303
0
0
0
0
0
0
3710
0
0
0
0
0
0
0
0
0
0
0
0
0
1042
474
0
0
0
7513
0
0
0
0
62979
0
0
0
0
0
8068
25232
0
0
24098
0
303
240
0
54
0
843
0
0
0
216
0
0
0
0
0
0
0
641
0
0
0
0
55559
1477
0
0
0
0
1476
0
66
0
0
0
66
0
1348
0
0
0
0
0
0
0
2225
0
0
0
846
0
0
0
0
495
0
0
0
0
0
0
0
1752
0
0
0
0
0
0
52120
0
0
0
0
474
0
0
0
1597
0
0
0
0
0
0
0
0
396
0
0
880
0
0
1507
0
0
0
0
0
0
216
695
0
0
0
52348
0
0
0
0
0
0
1152
0
0
0
396
0
0
0
0
0
1154
0
0
0
0
0
3542
0
0
0
899
0
0
0
1096
0
0
0
396
0
738
0
0
0
0
51705
873
0
0
0
1221
0
3964
0
0
4763
0
29547
25574
0
0
3040
0
0
0
0
1456
1720
0
3432
0
1303
0
0
0
0
0
1403
0
0
0
50069
0
0
54
0
0
0
0
0
0
711
0
0
0
66
1152
1100
0
54
0
0
0
0
303
0
0
8426
0
0
0
395
0
0
54
0
52125
0
0
0
0
0
0
0
474
0
0
0
0
0
1152
0
0
0
0
0
0
0
0
0
0
54
0
0
0
0
0
474
0
1042
0
0
474
167
0
0
0
0
1294
0
0
384
0
0
0
0
50630
0
0
0
1206
948
0
0
0
0
0
0
1100
0
0
0
0
0
0
0
0
0
0
0
0
0
0
0
167
0
46131
777
54
0
0
0
0
0
1348
0
0
0
0
0
0
0
0
0
396
0
0
0
672
0
0
198
0
1455
0
162
0
0
2313
0
0
0
4050
0
0
0
1227
0
198439
0
0
0
0
0
531
0
0
0
0
0
0
0
0
2318
2086
0
1100
0
0
3940
0
411
383
0
50677
0
0
237
0
0
0
66
0
0
1100
0
1152
0
1348
0
0
0
0
0
0
0
0
4483
474
54
0
411
0
0
216
0
0
0
0
0
0
0
167
0
0
0
0
0
0
0
0
0
0
0
0
0
51426
0
303
0
1402
0
54
0
0
0
0
0
0
0
0
1152
0
0
0
0
0
0
0
0
0
0
4063
0
167
303
50972
0
0
0
0
54
0
0
0
0
0
0
0
0
0
0
0
0
0
0
0
0
0
0
0
0
0
474
54
0
303
0
934
0
0
1314
1492
186
0
221
0
0
93211
0
49732
1457
0
55171
0
0
10813
0
303
0
0
0
965
0
573
0
198
0
0
0
0
167
0
0
49973
2403
0
0
1509
0
0
0
0
3430
0
66
0
0
0
66
0
0
1595
0
0
0
0
0
0
1237
162
1152
3520
0
54
167
51377
0
0
2671
0
0
0
10501
0
0
0
0
0
0
0
655
0
0
0
0
0
0
0
0
0
0
0
0
0
1260
0
162
0
0
0
0
0
1325
0
0
1101
0
0
0
0
0
0
0
0
2207
0
48938
0
0
0
0
0
0
0
1193
0
0
4791
0
802
1152
0
24309
2552
0
54813
303
14268
0
51088
0
303
0
0
0
0
0
0
0
0
303
0
0
0
0
1206
0
0
2080
0
0
0
0
3136
0
0
0
0
0
0
228
0
0
76257
2490
0
22494
0
0
357
0
0
0
0
198
0
0
303
0
0
0
0
1799
0
875
0
0
0
0
28001
0
0
0
21753
0
0
0
0
50520
875
1294
0
0
0
0
303
198
303
0
0
0
0
0
0
0
0
0
0
54
474
33593
0
25601
0
0
6111
0
0
875
50651
0
0
0
171
1152
0
0
0
0
0
1509
1294
54
0
0
0
0
0
0
0
31384
0
0
0
22353
0
880
0
0
0
0
303
1805
0
50303
0
1659
0
0
0
0
0
0
0
303
0
0
1294
108
0
0
0
0
0
0
0
40496
1627
303
0
22163
0
0
0
1183
0
0
0
0
0
0
50647
875
1474
0
303
0
0
1401
0
0
0
108
0
0
0
0
41381
63093
0
0
0
25267
3664
52797
2664
0
0
0
0
112034
10399
22294
1759
0
0
21554
0
0
7142
0
0
0
0
1826
0
0
0
0
167
0
0
1046
303
1260
589
0
50069
0
0
0
2299
0
303
66
0
37808
303
0
3277
0
17825
3736
0
1074
0
0
167
1340
0
0
0
51224
0
0
0
0
0
0
0
0
0
54
1626
0
0
0
0
872
0
174
303
27808
61937
0
0
0
216
53806
1464
0
0
0
22324
0
0
0
0
0
0
0
49724
0
0
0
0
1451
0
0
0
0
875
0
0
0
0
1455
0
1348
303
0
0
880
0
0
0
66
167
0
1577
0
0
0
0
379
0
0
0
0
474
51624
0
0
0
0
0
0
54
0
0
1043
0
0
0
0
0
0
0
0
0
474
0
0
0
716
0
2053
0
2314
0
162
0
0
0
0
0
0
50667
0
474
0
0
0
0
0
0
0
0
0
0
4267
0
0
474
0
0
0
0
1294
198
0
0
0
0
2009
0
0
0
0
0
0
0
0
0
0
0
0
50976
0
0
474
0
0
0
0
0
357
0
0
0
0
0
0
0
0
0
0
0
0
0
1348
0
0
0
3432
880
0
1556
0
0
0
0
0
3380
0
0
0
0
0
0
0
0
0
49957
0
198
0
0
0
0
0
0
0
0
1264
1455
0
0
0
0
0
0
0
0
0
0
0
0
0
0
0
0
1047
0
0
0
0
0
162
1426
0
49961
474
303
0
54
0
0
0
0
0
0
0
0
0
0
0
5198
0
0
0
0
1152
0
0
0
0
0
0
0
0
0
0
0
0
0
474
1885
0
0
0
0
1429
0
0
0
0
0
52482
0
0
0
0
0
0
0
0
0
0
0
0
0
0
1046
0
0
303
303
0
0
0
0
0
0
0
0
0
934
0
0
0
1152
162
167
1110
0
303
0
0
0
0
0
0
0
0
0
0
474
0
50401
0
0
0
1119
0
0
0
874
0
0
0
0
0
0
0
0
0
1294
0
0
0
252
0
7758
0
1521
874
0
0
465
0
0
0
0
51901
0
0
0
0
1294
0
0
0
703
0
5342
0
0
0
303
0
0
0
0
0
0
0
0
3441
0
0
0
0
0
0
0
0
1537
0
1183
0
0
0
0
0
0
0
1152
0
474
50173
0
0
0
0
0
0
0
0
1111
1900
0
0
0
0
0
1294
0
54
0
0
0
0
0
0
0
0
0
0
672
1043
0
0
216
0
0
0
0
50864
474
0
0
0
54
0
1152
0
0
0
0
0
0
1047
0
0
0
0
